-0.438845
-0.253637
-0.0098076
-0.000257851
-0.230543
-0.224695
-0.0106757
0.000835602
-0.00973275
0.108178
-0.0101784
-0.00985564
-0.482438
0.000508937
0.000508937
0.000699393
0.00035558
-0.00985564
-0.011111
-0.12238
0.00388152
-0.011111
-0.00991639
-1.18856
-0.0117726
0.00094136
0.00094136
-0.0117523
0.000868586
0.000980995
-0.00931352
-0.0099526
0.0221296
0.0221296
-0.012063
-0.011877
-0.011877
0.000790434
-0.00206792
-0.0105747
-0.197
-0.272957
-0.00094322
-0.15602
0.0195731
0.0190623
-0.309353
-0.0104608
0.000962373
0.0195207
-0.0121606
0.0157765
-1.13861
-0.0121606
-0.30948
-0.0125148
0.00771665
-0.234919
-0.0137096
0.00121391
0.0188517
0.0188517
0.0228815
0.0239265
0.297735
-0.108349
0.933446
0.000461975
-0.000402824
-0.0138559
0.978947
0.00014218
-0.0139081
-0.0140485
-0.0157427
-0.195193
0.0309687
-0.036864
-0.014675
0.0161334
-0.0143103
0.0214977
0.0214977
0.518004
-0.000255387
0.0254741
0.0254741
0.311885
-0.000255387
-0.0142005
-0.253847
0.0158325
-0.0149519
-0.015731
0.000954777
-0.0134217
0.000954777
0.00516704
0.0156958
0.0156958
-0.0144359
-0.0144359
1.11089
0.00334418
0.020773
0.020773
0.00334418
0.00334418
0.00205853
0.0230616
-0.0146218
0.0853223
0.00160016
0.000916326
0.0121075
-0.529023
0.00173601
0.00202282
0.00609129
0.0026437
0.0200481
0.0211273
-0.0144216
-0.0144011
-0.0143456
0.246245
0.00150918
0.00571731
0.00152535
0.00152535
0.0185433
0.0249178
0.0249178
-0.00897981
0.00213701
-0.0143789
-0.00769352
0.0231237
0.0217793
-1.24491
-0.0668046
0.0205408
-0.0143789
-0.303318
0.00178644
0.00164349
-0.272881
0.00344174
0.00689247
0.0204629
0.580407
0.000882161
0.00359103
-0.0145378
0.00391597
0.0723576
-0.0145378
0.22233
-0.0142186
0.00393159
0.00393159
-0.0142924
0.0130047
0.00265118
0.0112256
-0.0140824
0.0202995
-0.0146506
-0.0147146
0.0234585
0.0234585
0.0199921
3.21847e-05
0.0151431
0.00202123
0.216998
-0.0148527
-0.29278
0.00280271
0.00280271
-0.0147765
0.000396607
0.0200908
0.00366864
-0.299924
0.152284
0.00135803
0.0200908
0.0212699
0.0206688
-0.0168948
-0.014884
0.00135803
-0.0149037
-0.0150028
0.0219258
-0.0151382
-0.0149341
0.0121561
0.00287977
0.678447
0.678447
0.0125002
0.00159787
-0.0149821
0.0125002
0.0125002
0.191488
-0.143936
-0.0151204
0.00238698
0.00353827
0.00202438
0.021303
-1.01289
0.00153358
0.00153358
0.00292285
0.208837
0.208837
0.248104
0.00456341
0.00852738
-0.283892
0.0231638
0.00391431
-0.283892
0.0049486
0.0049486
0.00638269
0.0826965
0.0222345
0.00231474
0.00231474
0.0225065
0.0259602
-0.236755
0.0221337
0.0791153
0.00271231
0.0245013
-0.299473
0.0144567
0.023115
-0.213351
0.241146
0.00258599
0.00897866
-0.321544
0.00842075
0.00103441
0.000692738
0.00842075
-0.106391
0.00864026
0.000619971
0.00636146
0.0105322
0.000619971
0.00373228
0.0242189
0.00373228
0.00363364
0.0105322
-0.0178167
0.0711204
0.0711204
0.00058073
0.0108798
0.0099864
0.0141339
0.17942
0.0101741
0.0142661
0.00058073
0.00667014
-0.0171252
-0.0171252
0.0226532
0.0131555
0.000726253
0.000202264
0.000202264
0.310295
-0.274399
-0.320673
0.000660415
0.000624779
0.000624779
-0.00702048
0.000670037
-0.528618
0.00425687
3.31833e-05
0.000733398
-0.498336
0.0295587
-0.000899207
0.00422899
-0.000991235
-0.240742
0.047035
-0.0035915
0.00353312
-0.000918134
0.00353312
-0.000918134
-0.00106876
-0.00426144
0.00407967
-0.00315322
0.016735
0.0104695
0.0109391
-0.0350715
0.0109391
-0.0217109
0.0138907
0.0136414
0.0179866
0.213072
-0.00512106
-0.00792633
0.00490961
-0.008731
-0.0074716
0.0221973
0.618599
-0.00783313
-0.00783237
0.0220646
-0.00783237
0.207386
0.00352992
0.0991448
-0.00807264
-0.00807264
0.00366981
0.0311063
-0.189131
-0.00757798
-0.00845189
-0.189131
-0.00845189
-0.0756962
0.00488558
-0.00826672
-0.00713913
-0.00822214
-0.00855758
0.0218227
-0.00938815
0.579498
-0.826026
0.219291
0.0185313
-0.00820011
-0.0103019
0.00460352
-0.00851596
0.520011
-0.0087248
-0.0087248
0.00521547
-0.00846864
-0.00894291
-0.00994745
0.200122
0.0185001
-0.00918851
0.273735
0.0184274
-0.00873642
-0.010641
0.00355051
-0.010641
0.00355051
0.14289
0.0101832
-0.0098076
0.0104577
0.000917615
0.00714729
-0.000156888
-0.0748492
0.000666815
0.0178937
-0.139614
0.0603046
-0.000303523
-0.450784
-0.2219
0.250442
-0.409511
0.0110594
-0.000505636
0.271458
0.000560264
-0.450771
0.00471
0.0147858
0.00471
0.000937163
-0.00909201
-0.00891838
-0.0106725
0.1597
-5.53961e-05
-0.0106725
-0.194065
-1.32681
-0.152254
4.02244e-05
-0.000327951
0.0970354
0.0176372
-0.03144
0.0162289
-0.275254
0.0248
0.216818
0.0156021
0.000361093
-0.16689
0.310908
0.0220048
0.0144826
0.00152066
0.427351
0.00174649
-0.0357157
0.0247014
-0.00945803
0.01777
0.065413
0.250059
0.0168514
-0.339845
0.000764427
0.0237752
0.062776
0.00145344
0.0242936
-0.245504
0.00151972
0.109018
0.0242472
-1.6676
0.131756
0.131756
-0.0109943
-5.03657e-05
0.0922265
0.00222007
0.00231765
0.00251064
0.00239984
-0.0107708
0.00505066
0.00265152
0.0190847
0.00216759
0.0018891
0.00306818
0.0019052
0.00257808
-0.000642989
2.40121
0.0024702
0.00573709
0.00988756
0.307226
0.0723912
0.023306
-0.0110833
0.63122
-0.042821
0.284741
0.0249191
-0.253457
0.0249191
0.303425
0.0595351
0.0229251
0.63122
0.00268624
0.00172514
0.0116713
-0.476636
0.0233788
0.0233788
-0.0911904
0.175048
0.0153818
-0.107884
0.474012
-0.000284648
0.00125504
0.00415688
0.0145541
0.0028326
0.0231103
-0.235781
0.0517674
0.0222675
0.180776
0.0189363
0.0191237
0.014878
6.69415e-05
0.0194395
0.0963927
-0.0942365
0.0232735
0.232493
-0.0114958
0.00453557
-0.0267241
-0.107693
0.0129009
-0.937515
0.00159008
-0.315927
0.0122016
-0.0319639
-0.359355
-0.00908717
0.0233559
0.0149549
0.0241095
0.0139914
0.00340995
-0.198738
-0.198738
0.0224431
-0.0103326
0.0034459
0.00510964
0.0221666
0.0230647
0.0195214
-0.0089813
-0.0100488
-0.114431
0.00396834
-0.0118429
-0.0118429
-0.13338
0.00553219
0.020044
-0.092216
0.00904548
0.214753
0.421983
-0.00941196
-0.0102172
0.0127938
-0.0536945
-0.0104511
0.0107072
-0.00986131
-0.173183
0.0204659
-0.285898
0.0209259
-0.160625
0.214675
-2.53058
-0.0258802
0.582284
0.00962913
0.221697
0.12177
0.0104824
0.00589456
-0.0288465
0.0224253
0.0214591
0.0112661
0.272959
0.0228519
0.0220573
0.163007
0.0604524
0.0222792
0.00846515
0.0225303
0.455747
0.0224253
0.0196495
0.0221605
-0.101367
0.0106948
-0.331917
0.0217714
-0.176528
-0.0401145
0.0185095
-0.671424
0.225013
0.00911611
0.0223232
-0.319341
0.561321
0.293409
1.05779
0.0599996
0.21874
0.00993895
0.796031
0.00873903
0.0185842
0.00618139
-0.0479441
0.0209101
-0.191363
0.00634023
0.0220664
0.00873903
-0.0122261
-0.0102571
0.00488065
0.156917
0.270542
0.00640828
-0.128928
-0.0549861
-0.0122034
-0.0458826
-0.311065
-0.010837
0.140004
0.14483
0.0192453
-0.161077
-0.490609
-0.0554472
0.0208085
0.275801
-0.00980959
0.0195642
-0.00980959
-0.0182406
0.0333414
0.00937478
-0.0109336
0.0214616
0.0211482
0.0214616
-0.0156308
-0.0154082
-0.0151447
0.557816
-0.126966
-1.33159
-0.0663585
-0.180217
0.00627368
-0.650256
0.0643548
0.0746639
0.0746639
0.139365
0.022661
0.322874
-0.503811
0.00593385
-0.0149249
-0.0136497
-0.308187
0.361377
0.0124367
-0.152983
0.133898
0.355522
-0.002479
-0.0452584
0.112577
0.112577
0.112577
-0.0849784
0.0226263
-0.25806
0.223534
0.912266
0.0963186
0.199847
-0.0889762
-0.0133707
-0.0146298
-0.153343
0.00282244
-0.0144308
-0.0684787
-0.029872
0.216852
-0.356069
0.0221166
-0.037426
0.0195668
0.00389039
0.0101653
-0.208877
0.0677909
0.00389039
0.021245
0.0202019
0.25609
0.0212275
0.0226305
-0.105194
0.0122712
0.228433
0.252882
-0.0173096
-0.142219
0.0229839
0.173287
0.0134882
-0.080707
-0.0142601
0.252696
0.228647
0.025106
0.025106
-0.630506
-0.630506
-0.0127022
-0.0479836
0.0335384
0.0212758
-0.356554
0.0233917
0.0139523
0.655918
0.00973885
0.178925
-0.110629
-0.00894319
0.102053
-0.849259
-0.0113536
-0.0113536
-0.103981
0.256461
7.74038e-05
-1.02861
0.0170255
0.0170255
0.0165829
0.0165829
-0.312515
0.384085
0.185776
0.0107569
0.0167628
0.0225613
-0.508663
0.0471823
-0.188332
-0.00761443
0.00593738
0.00100047
0.347029
-0.0147791
0.348827
-0.00797818
-0.00872585
0.000109126
-0.00865815
0.340498
-0.00779907
0.881058
-0.00838766
0.800161
0.011816
-0.0162286
-0.00446528
0.00111726
-0.0109336
-0.33728
-0.00662005
0.40207
-0.098513
-0.188849
-0.00676957
-0.00431377
0.350325
0.0171034
0.441262
0.0186291
-0.00617889
-0.0063375
-0.0142983
-0.00657531
-0.326426
-0.368681
0.0116884
-0.00542421
0.0175612
-0.00595685
-0.00729825
0.383939
0.371135
0.0163922
0.141032
-0.513159
-0.00455931
0.0559907
0.00436969
-0.000361645
-0.00206681
0.165918
0.598577
-0.00565886
0.0114713
0.0780053
0.0141
-0.00376598
0.483915
0.397455
-0.0273186
0.0142431
0.15459
0.0172473
0.000114205
0.287605
0.0110784
-0.265254
0.0171461
4.88511e-05
0.0286289
-0.330269
0.15131
-0.0179474
0.15131
-0.000114992
-1.13091
-0.0068511
-2.69023e-05
0.0172026
-0.000581822
-0.000734241
0.0221779
0.0221779
0.0163524
0.301555
0.0112304
0.0112304
-0.134172
0.0145713
-0.304319
-0.304319
-0.0709728
-0.1857
0.238103
0.00147006
-0.0188217
-0.00537167
0.35347
-0.0602494
0.0278621
-0.0519608
-0.00969219
-0.00909048
0.0341203
-0.270236
0.70158
0.00198773
0.357711
-0.130488
-0.20934
0.219251
0.00951312
-0.543476
0.011711
0.143503
-0.216637
0.0170239
-0.0496283
0.478161
-0.0104721
-0.436918
0.00463776
-0.0615528
0.0238693
0.0127389
0.00179995
0.376009
0.360881
-0.00737751
0.0155241
-0.107745
0.381543
-0.0403238
0.000992428
-0.0152357
-0.00898197
-0.116851
-0.329944
0.00388792
-1.21019
-0.466642
0.00415857
-0.625601
0.0417447
-0.00372009
-0.014175
-0.331037
-0.0141373
-0.0103826
-0.00839195
0.366293
-0.197614
0.00389911
0.00258496
-0.0114898
0.145252
1.29618
0.57862
-0.130933
-0.0136202
-0.0078083
0.00195445
-0.340055
-0.00974925
0.352026
-0.0144458
-0.0481883
-0.0567806
-0.00827582
-0.672042
-0.342271
-0.0071158
-0.183036
-0.0150741
0.0132554
0.0420855
-0.0078083
1.17502
-0.0293816
0.126374
-0.0606988
0.0641659
0.0101706
0.354435
-0.00789828
-0.162465
-0.0116395
-0.103788
-0.155734
0.00995345
-0.0145928
0.136944
-0.00417859
-0.0792085
-0.0120553
0.321691
-0.340125
0.32073
-0.000222837
0.0733299
0.121676
0.011944
-0.0751793
0.00336744
0.017089
0.512424
-0.000735145
-0.00978861
-0.670883
-0.19338
-0.0102047
0.0230026
0.0135499
-0.122691
-0.00242511
-0.000573776
0.0981821
0.0144662
0.0487912
0.00425343
-0.0493241
0.00995345
0.0220466
0.193954
-0.0142771
0.131842
0.170073
-0.102847
0.389083
0.00273871
-0.00986072
0.00296757
-0.00986072
0.02252
0.399295
0.349291
-0.172384
0.0128663
-0.0730153
